((("a" .
   [1])
  ("main" .
   [1 0 0 0])
  ("func" .
   [0 0 0 1])
  ("map" .
   [0 0 1])
  ("package" .
   [0 0 0 1 0 0 0])
  ("hh" .
   [3 0])
  ("len" .
   [1 0 0])
  ("kk" .
   [4 0])
  ("string" .
   [1 0 1 1 0 0])
  ("b" .
   [4])
  ("yy" .
   [1 0])
  ("byte" .
   [5 0 0 0])
  ("zz" .
   [5 0])
  ("help" .
   [0 0 0 1])
  ("range" .
   [0 0 1 0 0])
  ("format" .
   [0 0 1 0 0 0])
  ("time" .
   [0 0 0 1])
  ("import" .
   [0 0 2 0 0 0])
  ("fmt" .
   [2 0 7])
  ("Println" .
   [0 10 0 0 0 0 1])
  ("strings" .
   [0 0 0 0 0 0 1])
  ("regexp" .
   [0 0 0 1 0 0])
  ("MatchString" .
   [0 0 1 0 0 0 0 0 0 0 0])
  ("Contains" .
   [0 2 0 0 0 0 0 0])
  ("bytes" .
   [1 0 0 0 1])
  ("Count" .
   [0 0 1 0 0])
  ("Replace" .
   [0 1 0 0 0 0 0])
  ("is_block" .
   [0 0 0 0 0 0 0 1])
  ("readline" .
   [0 0 0 0 1 0 0 0])
  ("datetime" .
   [0 0 1 0 0 0 0 0])
  ("data" .
   [2 0 0 0])
  ("with" .
   [0 0 0 1])
  ("PATH" .
   [0 0 1 1])
  ("GOPATH" .
   [0 0 1 0 0 0])
  ("Printf" .
   [0 1 0 0 0 0])
  ("Match" .
   [1 0 0 0 0])))
